$ANSIBLE_VAULT;1.1;AES256
66313036353839326539333631646334333061626466353332643961363230353065643562386161
3631393334306331313235623861373036306138343931380a346231326164313933333539613435
66356261343063346135613161323630393539343033663134643735356533383236343937383563
3539666631333930360a366462623339396338366262303363306166323562623139303134636536
39653536666435386564343739373363366561323636336564336231386336366532363163643637
39653938363330326236653637313665326433393639393533613831646166336565343135313661
66626139613863323661616537646230393561633532373035353034356163633961326365386332
66363034656634323631626334643631303234656132653838313963633764646233656437623662
39333061393638646565383630393930323462623138376633333939373262336138393437353061
32303461323263376230393765363539303063333931663436633766343930636339663466653539
65386632646338346261663661646363306332623439373432663139636566393636623463393039
39383332633962633633306434366464316663653366336263326336643763643962353539366431
62363663393135343964313761656433613930636662316635313937646232646163323164656133
37633332303935316461306164323562333265653233313430333764663932333765373934373937
373636666566643464376139383334653161
